function [x,y,z]    = EitoSpinalCordinate

xyz = [-2	-10	-0.8092
-2	-10	-1.2239
-2	-10	0.0031
-2	-10	0.324
-2	-10	0.3263
-2	-10	0.3263
-2	-12	0.9346
-0.5	-9	-0.0749
-0.5	-9	-0.2123
-2	-9	0.6045
-2	-5	-0.2862
-2	-11.5	-1.599
-2	-9.5	0.5725
-2	-10.25	-0.2642
-2.5	-8	-0.4377
-2	-8.6	0.1381
-1.5	-9.5	-0.3978
-1	-3	0.5827];

x   = xyz(:,1);
y   = xyz(:,2);
z   = xyz(:,3);


