function map    = tmap4

% map = [1	1	1
% 0.9	0.9	1
% 0.8	0.8	1
% 0.7	0.7	1
% 0.6	0.6	1
% 0.6	0.7	0.9
% 0.6	0.8	0.8
% 0.6	0.9	0.7
% 0.6	1	0.6
% 0.7	1	0.6
% 0.8	1	0.6
% 0.9	1	0.6
% 1	1	0.6
% 1	0.9	0.6
% 1	0.8	0.6
% 1	0.7	0.6
% 1	0.6	0.6
% ];

map = [1	1	1
0.98	0.98	1
0.96	0.96	1
0.94	0.94	1
0.92	0.92	1
0.9	0.9	1
0.88	0.88	1
0.86	0.86	1
0.84	0.84	1
0.82	0.82	1
0.8	0.8	1
0.78	0.78	1
0.76	0.76	1
0.74	0.74	1
0.72	0.72	1
0.7	0.7	1
0.68	0.68	1
0.66	0.66	1
0.64	0.64	1
0.62	0.62	1
0.6	0.6	1
0.6	0.62	0.98
0.6	0.64	0.96
0.6	0.66	0.94
0.6	0.68	0.92
0.6	0.7	0.9
0.6	0.72	0.88
0.6	0.74	0.86
0.6	0.76	0.84
0.6	0.78	0.82
0.6	0.8	0.8
0.6	0.82	0.78
0.6	0.84	0.76
0.6	0.86	0.74
0.6	0.88	0.72
0.6	0.9	0.7
0.6	0.92	0.68
0.6	0.94	0.66
0.6	0.96	0.64
0.6	0.98	0.62
0.6	1	0.6
0.62	1	0.6
0.64	1	0.6
0.66	1	0.6
0.68	1	0.6
0.7	1	0.6
0.72	1	0.6
0.74	1	0.6
0.76	1	0.6
0.78	1	0.6
0.8	1	0.6
0.82	1	0.6
0.84	1	0.6
0.86	1	0.6
0.88	1	0.6
0.9	1	0.6
0.92	1	0.6
0.94	1	0.6
0.96	1	0.6
0.98	1	0.6
1	1	0.6
1	0.98	0.6
1	0.96	0.6
1	0.94	0.6
1	0.92	0.6
1	0.9	0.6
1	0.88	0.6
1	0.86	0.6
1	0.84	0.6
1	0.82	0.6
1	0.8	0.6
1	0.78	0.6
1	0.76	0.6
1	0.74	0.6
1	0.72	0.6
1	0.7	0.6
1	0.68	0.6
1	0.66	0.6
1	0.64	0.6
1	0.62	0.6
1	0.6	0.6
];
