function map    = tmap2

map = [  0         0         0;
         0         0    0.0500;
         0         0    0.1000;
         0         0    0.1500;
         0         0    0.2000;
         0         0    0.2500;
         0         0    0.3000;
         0         0    0.3500;
         0         0    0.4000;
         0         0    0.4500;
         0         0    0.5000;
         0         0    0.5500;
         0         0    0.6000;
         0         0    0.6500;
         0         0    0.7000;
         0         0    0.7500;
         0         0    0.8000;
         0         0    0.8500;
         0         0    0.9000;
         0         0    0.9500;
         0         0    1.0000;
         0    0.0500    1.0000;
         0    0.1000    1.0000;
         0    0.1500    1.0000;
         0    0.2000    1.0000;
         0    0.2500    1.0000;
         0    0.3000    1.0000;
         0    0.3500    1.0000;
         0    0.4000    1.0000;
         0    0.4500    1.0000;
         0    0.5000    1.0000;
         0    0.5500    1.0000;
         0    0.6000    1.0000;
         0    0.6500    1.0000;
         0    0.7000    1.0000;
         0    0.7500    1.0000;
         0    0.8000    1.0000;
         0    0.8500    1.0000;
         0    0.9000    1.0000;
         0    0.9500    1.0000;
         0    1.0000    1.0000;
         0    1.0000    0.9500;
         0    1.0000    0.9000;
         0    1.0000    0.8500;
         0    1.0000    0.8000;
         0    1.0000    0.7500;
         0    1.0000    0.7000;
         0    1.0000    0.6500;
         0    1.0000    0.6000;
         0    1.0000    0.5500;
         0    1.0000    0.5000;
         0    1.0000    0.4500;
         0    1.0000    0.4000;
         0    1.0000    0.3500;
         0    1.0000    0.3000;
         0    1.0000    0.2500;
         0    1.0000    0.2000;
         0    1.0000    0.1500;
         0    1.0000    0.1000;
         0    1.0000    0.0500;
         0    1.0000         0;
    0.0500    1.0000         0;
    0.1000    1.0000         0;
    0.1500    1.0000         0;
    0.2000    1.0000         0;
    0.2500    1.0000         0;
    0.3000    1.0000         0;
    0.3500    1.0000         0;
    0.4000    1.0000         0;
    0.4500    1.0000         0;
    0.5000    1.0000         0;
    0.5500    1.0000         0;
    0.6000    1.0000         0;
    0.6500    1.0000         0;
    0.7000    1.0000         0;
    0.7500    1.0000         0;
    0.8000    1.0000         0;
    0.8500    1.0000         0;
    0.9000    1.0000         0;
    0.9500    1.0000         0;
    1.0000    1.0000         0;
    1.0000    0.9750         0;
    1.0000    0.9500         0;
    1.0000    0.9250         0;
    1.0000    0.9000         0;
    1.0000    0.8750         0;
    1.0000    0.8500         0;
    1.0000    0.8250         0;
    1.0000    0.8000         0;
    1.0000    0.7750         0;
    1.0000    0.7500         0;
    1.0000    0.7250         0;
    1.0000    0.7000         0;
    1.0000    0.6750         0;
    1.0000    0.6500         0;
    1.0000    0.6250         0;
    1.0000    0.6000         0;
    1.0000    0.5750         0;
    1.0000    0.5500         0;
    1.0000    0.5250         0;
    1.0000    0.5000         0;
    1.0000    0.4750         0;
    1.0000    0.4500         0;
    1.0000    0.4250         0;
    1.0000    0.4000         0;
    1.0000    0.3750         0;
    1.0000    0.3500         0;
    1.0000    0.3250         0;
    1.0000    0.3000         0;
    1.0000    0.2750         0;
    1.0000    0.2500         0;
    1.0000    0.2250         0;
    1.0000    0.2000         0;
    1.0000    0.1750         0;
    1.0000    0.1500         0;
    1.0000    0.1250         0;
    1.0000    0.1000         0;
    1.0000    0.0750         0;
    1.0000    0.0500         0;
    1.0000    0.0250         0;
    1.0000         0         0;
    1.0000    0.0500    0.0500;
    1.0000    0.1000    0.1000;
    1.0000    0.1500    0.1500;
    1.0000    0.2000    0.2000;
    1.0000    0.2500    0.2500;
    1.0000    0.3000    0.3000;
    1.0000    0.3500    0.3500;
    1.0000    0.4000    0.4000;
    1.0000    0.4500    0.4500;
    1.0000    0.5000    0.5000;
    1.0000    0.5500    0.5500;
    1.0000    0.6000    0.6000;
    1.0000    0.6500    0.6500;
    1.0000    0.7000    0.7000;
    1.0000    0.7500    0.7500;
    1.0000    0.8000    0.8000;
    1.0000    0.8500    0.8500;
    1.0000    0.9000    0.9000;
    1.0000    0.9500    0.9500;
    1.0000    1.0000    1.0000];