function map    = tmap1

map = [0.7500    1.0000    1.0000
    0.5000    1.0000    1.0000
    0.2500    1.0000    1.0000
         0    1.0000    1.0000
         0    0.9583    1.0000
         0    0.9167    1.0000
         0    0.8750    1.0000
         0    0.8333    1.0000
         0    0.7917    1.0000
         0    0.7500    1.0000
         0    0.7083    1.0000
         0    0.6667    1.0000
         0    0.6250    1.0000
         0    0.5833    1.0000
         0    0.5417    1.0000
         0    0.5000    1.0000
         0    0.4583    1.0000
         0    0.4167    1.0000
         0    0.3750    1.0000
         0    0.3333    1.0000
         0    0.2917    1.0000
         0    0.2500    1.0000
         0    0.2083    1.0000
         0    0.1667    1.0000
         0    0.1250    1.0000
         0    0.0833    1.0000
         0    0.0417    1.0000
         0         0      1.0000
         0         0      0.9688
         0         0      0.9375
         0         0      0.9063
         0         0      0.8750
         0         0      0.8438
         0         0      0.8125
         0         0      0.7813
         0         0      0.7500
         0         0      0.7188
         0         0      0.6875
         0         0      0.6563
         0         0      0.6250
         0         0      0.5938
         0         0      0.5625
         0         0      0.5313
         0         0      0.5000
         0         0      0.4688
         0         0      0.4375
         0         0      0.4063
         0         0      0.3750
         0         0      0.3438
         0         0      0.3125
         0         0      0.2813
         0         0      0.2500
         0         0      0.2188
         0         0      0.1875
         0         0      0.1563
         0         0      0.1250
         0         0      0.0938
         0         0      0.0625
         0         0      0.0313
         0         0         0
    0.0313         0         0
    0.0625         0         0
    0.0938         0         0
    0.1250         0         0
    0.1563         0         0
    0.1875         0         0
    0.2188         0         0
    0.2500         0         0
    0.2813         0         0
    0.3125         0         0
    0.3438         0         0
    0.3750         0         0
    0.4063         0         0
    0.4375         0         0
    0.4688         0         0
    0.5000         0         0
    0.5313         0         0
    0.5625         0         0
    0.5938         0         0
    0.6250         0         0
    0.6563         0         0
    0.6875         0         0
    0.7188         0         0
    0.7500         0         0
    0.7813         0         0
    0.8125         0         0
    0.8438         0         0
    0.8750         0         0
    0.9063         0         0
    0.9375         0         0
    0.9688         0         0
    1.0000         0         0
    1.0000    0.0417         0
    1.0000    0.0833         0
    1.0000    0.1250         0
    1.0000    0.1667         0
    1.0000    0.2083         0
    1.0000    0.2500         0
    1.0000    0.2917         0
    1.0000    0.3333         0
    1.0000    0.3750         0
    1.0000    0.4167         0
    1.0000    0.4583         0
    1.0000    0.5000         0
    1.0000    0.5417         0
    1.0000    0.5833         0
    1.0000    0.6250         0
    1.0000    0.6667         0
    1.0000    0.7083         0
    1.0000    0.7500         0
    1.0000    0.7917         0
    1.0000    0.8333         0
    1.0000    0.8750         0
    1.0000    0.9167         0
    1.0000    0.9583         0
    1.0000    1.0000      0.2500
    1.0000    1.0000      0.5000
    1.0000    1.0000      0.7500];